image: TRL_L2.pgm
resolution: 0.050000
origin: [-10.316603, -33.809076, 0.000000]
negate: 0
occupied_thresh: 0.65
free_thresh: 0.196

