image: 070622_L9.pgm
resolution: 0.050000
origin: [-22.375798, -7.643311, 0.000000]
negate: 0
occupied_thresh: 0.65
free_thresh: 0.196

