image: 130622_L9.pgm
resolution: 0.050000
origin: [-10.985619, -5.686836, 0.000000]
negate: 0
occupied_thresh: 0.65
free_thresh: 0.196

