image: trl_l2_caato2.pgm
resolution: 0.050000
origin: [-14.393309, -33.002481, 0.000000]
negate: 0
occupied_thresh: 0.65
free_thresh: 0.196

