image: mbc_lvl_10_060522.pgm
resolution: 0.050000
origin: [-9.5, -8, 0.000000]
negate: 0
occupied_thresh: 0.65
free_thresh: 0.196

