image: mbc_lvl_10_060522.pgm
resolution: 0.050000
origin: [-4.189944, -8.874695, 0.000000]
negate: 0
occupied_thresh: 0.65
free_thresh: 0.196

